24
1900 01 01                   1 
1970 01 01                   25569 
1970 07 09                   25758 
1973 10 22                   26959 
1986 10 07                   31692 
1999 10 07                   36440 
1999 12 31                   36525 
2000 01 01                   36526 
2000 02 28                   36584 
2000 02 29                   36585 
2000 03 01                   36586 
2002 09 04                   37503 
2005 06 20                   38523 
2012 02 28                   40967 
2012 02 29                   40968 
2012 03 01                   40969 
2013 02 28                   41333 
2013 03 01                   41334 
2014 12 27                   42000 
2016 01 09                   42378 
2017 07 19                   42935 
2023 04 13                   45029 
2033 02 03                   48613 
2036 01 26                   49700 
