53
 455           596 
 24            887 
 481           384 
 652           379 
 937           416 
 551           921 
 160           25 
 613           88 
 180           609 
 883           605 
 156           469 
 374           836 
 77            746 
 708           692 
 134           260 
 893           998 
 747           753 
 92            457 
 273           991 
 727           752 
 351           351 
 539           833 
 927           879 
 14            358 
 25            865 
 807           768 
 884           991 
 280           816 
 936           964 
 267           776 
 320           773 
 269           363 
 299           285 
 369           139 
 832           156 
 887           637 
 679           203 
 600           566 
 772           882 
 485           656 
 276           22 
 383           249 
 830           492 
 28            945 
 843           289 
 300           835 
 302           406 
 473           661 
 934           673 
 930           709 
 813           233 
 210           174 
 51            626 
