100
-53.273916915999 
 21.22011589888 
 55.383744278999 
-89.775557885818 
 85.008289807188 
-54.586832773768 
-95.344879732382 
-75.92778850695 
 89.727030815092 
-1.4551041529413 
-74.285569550264 
-62.675989860907 
 23.138162674025 
 70.956076073217 
 6.6733531293612 
-65.015178526385 
-6.6925363428258 
-87.271672144154 
 64.269404729897 
-100.05401685827 
-50.316419414878 
 80.619894874143 
-98.44355759138 
-7.9236616471073 
-73.750173069256 
-31.686188540778 
-92.719848779307 
-75.950891439979 
-55.968790384386 
 30.426838828794 
 91.200255781445 
-61.95597967724 
-79.3301066881 
-98.721010450639 
-17.953919717533 
 23.513864186957 
 1.1649071962162 
-99.687422101826 
 43.248052833239 
-9.0899311177733 
 96.725356595589 
 43.159512001737 
-94.517560229663 
 96.848032878377 
 14.544838371671 
-94.386746232428 
 2.5556873975289 
 100.77833750122 
 98.882669746514 
-96.895624111471 
 60.999093553187 
 48.135999004004 
-1.5006402869727 
 58.110174636305 
 38.903927845627 
-66.600563853939 
-95.347172435813 
-88.625941414881 
 23.057817876331 
 41.279829772252 
-46.843830259232 
 20.654651553951 
-77.623840091279 
-43.114183653948 
-4.4275344207416 
-9.5643277096868 
-28.580591465744 
 12.322363022354 
 98.061819836363 
 94.006624770308 
 80.751705850276 
-3.4388428920368 
 84.366816238806 
 76.040244321564 
-83.571439097175 
-66.833421966545 
 98.914746336198 
-100.47242799151 
 60.23639538381 
 58.54448861297 
 2.9744634971023 
-98.950927950516 
-25.285798479349 
 75.65694257295 
 12.862782775756 
-22.340067285748 
 54.505213227699 
-11.519611115219 
-19.025795820603 
-1.570265797821 
 86.494415580776 
-22.370374635306 
 6.0359946504059 
-33.916967062216 
 99.915783791628 
 12.487044389937 
-19.804709782621 
 7.7398948920859 
 31.364526783288 
-69.608304802232 
-100.47242799151 
-100.05401685827 
-99.687422101826 
-98.950927950516 
-98.721010450639 
-98.44355759138 
-96.895624111471 
-95.347172435813 
-95.344879732382 
-94.517560229663 
-94.386746232428 
-92.719848779307 
-89.775557885818 
-88.625941414881 
-87.271672144154 
-83.571439097175 
-79.3301066881 
-77.623840091279 
-75.950891439979 
-75.92778850695 
-74.285569550264 
-73.750173069256 
-69.608304802232 
-66.833421966545 
-66.600563853939 
-65.015178526385 
-62.675989860907 
-61.95597967724 
-55.968790384386 
-54.586832773768 
-53.273916915999 
-50.316419414878 
-46.843830259232 
-43.114183653948 
-33.916967062216 
-31.686188540778 
-28.580591465744 
-25.285798479349 
-22.370374635306 
-22.340067285748 
-19.804709782621 
-19.025795820603 
-17.953919717533 
-11.519611115219 
-9.5643277096868 
-9.0899311177733 
-7.9236616471073 
-6.6925363428258 
-4.4275344207416 
-3.4388428920368 
-1.570265797821 
-1.5006402869727 
-1.4551041529413 
 1.1649071962162 
 2.5556873975289 
 2.9744634971023 
 6.0359946504059 
 6.6733531293612 
 7.7398948920859 
 12.322363022354 
 12.487044389937 
 12.862782775756 
 14.544838371671 
 20.654651553951 
 21.22011589888 
 23.057817876331 
 23.138162674025 
 23.513864186957 
 30.426838828794 
 31.364526783288 
 38.903927845627 
 41.279829772252 
 43.159512001737 
 43.248052833239 
 48.135999004004 
 54.505213227699 
 55.383744278999 
 58.110174636305 
 58.54448861297 
 60.23639538381 
 60.999093553187 
 64.269404729897 
 70.956076073217 
 75.65694257295 
 76.040244321564 
 80.619894874143 
 80.751705850276 
 84.366816238806 
 85.008289807188 
 86.494415580776 
 89.727030815092 
 91.200255781445 
 94.006624770308 
 96.725356595589 
 96.848032878377 
 98.061819836363 
 98.882669746514 
 98.914746336198 
 99.915783791628 
 100.77833750122 
